Enter n: 149832547102

=== RESULT ===

P(n)        = 5.965831210115504281544789472764931599229194790797156860461672509533920444967951943519527849637688205907661654662148808301348674683285625194766892727807930129625879575989952602356649758061366895662698099121613083912386065069879054292693924367419099168878390980072140974768376760458120786939890468795871257688372554268511408366693212185928179502980807463617134333615656234623854171742986522302635926891038033229471262253618091215570502223195001510053592741063431521545714375894328081068055394887089660557391289046994861262206482016798752481051368808410431875570288991014408959935977257039391263368320269356852502176378631101487150900657236791316997363482268194654056920858227008399760963013496985905534323213130526137492905761884618911598369772678047639429073476603318074279592845180961261250419650518536104591755444359334698496055005000908940154694212799833941195970228489466300318207458556024193396208537495433826639701709801982075002441346042987400204331286331889189348882250465050153877992770076178e+431200
RF(n)       = 5.965831210117919358210555829819046590060256672699887766801835622148565298545359807392740936900040040265663557372046993393253529202554702485907267115817235958753996066234458394739006454234468437527440409759824326273563001613939851210316612985292823546579130170056033148124196004197137514699306492970635070243920381197892410882801850688774181397747480287275764460265851829841751072277465368017155704219557680802077588812148925938076655015714147817411745444758971615739874754589445886716590504830511611926410607934256483395471888687702915977409239676191164612481728686137990325467748850606967254299439225406437718106197313954321162800752309972715777473539924376857253269256301594156325626925890611458701720300194795590034425455873494160504280930935140002232055009460593327102345500367718827471087191286102812041253493871531650124997837943877844285721147238808992155650948533129623469422471933595934259472515576234981159321805262768176751668221253002982814286426751702886621243755760043605343066500154549e+431200
RA(n)       = 5.965838042214780576132797821712508961153185801935343110991023985709655764537790223952826719462354132378329335415582875515501803452824479835196688524546843776051856869662517022467752636923049970673704058685828536066599606531390604183715746756152070583835884919618363106061017222568899515692100611408970480878829328679797627650716530361053321646057946289936229384775303775732933298935743330900323175592282068840386507484081581606787843465178519962365667571196183623217110605474557554594644903445527469293046008640130059437168439259275166101574573066734075471832986398577870658106328772600236003491359464043883900094279862351328835707794446538710526213027475756418627983229019325720697913954125665660390563812020306814797681805270175496640642947224102609982085662312034102086682108793073491593352299290078200029047601161969187660897945916288022888347072698067828757814702194848648766238005378475970965112329115839796744433936285947566721219679003374288344272718773254279586537548934501964084450232512225e+431200

--- Relative Errors ---
RF error    = 4.048181e-13
RA error    = 1.145205e-06